5 -784165886
5 1550709072
6 -2145275557
6 -2114073067
6 -2111653714
6 -2106112971
6 -2071366954
6 -2070631842
6 -2061493666
6 -2050259783
6 -2048896419
6 -2032646065
6 -2028932981
6 -2012882210
6 -1915723488
6 -1914194351
6 -1894730654
6 -1849609633
6 -1787576874
6 -1782989023
6 -1777087678
6 -1734972777
6 -1688971880
6 -1627326632
6 -1601303027
6 -1564063114
6 -1534901793
6 -1483556997
6 -1451005608
6 -1443053627
6 -1433658442
6 -1422794571
6 -1395716832
6 -1333861076
6 -1313915545
6 -1291975667
6 -1266602999
6 -1249017695
6 -1235041612
6 -1229116792
6 -1203630868
6 -1191440883
6 -1187611014
6 -1164172496
6 -1115214498
6 -1098568632
6 -1087304239
6 -1056411761
6 -1002572453
6 -940239563
6 -902269500
6 -890972019
6 -878935824
6 -859556415
6 -842906530
6 -786122030
6 -777606826
6 -775893792
6 -769860657
6 -722320150
6 -650738490
6 -644856769
6 -641001481
6 -632770164
6 -615030355
6 -614597026
6 -608271352
6 -567474228
6 -499314350
6 -419966523
6 -394130373
6 -381853498
6 -379694448
6 -340053512
6 -336791333
6 -333732914
6 -296243197
6 -292283944
6 -260449424
6 -247806386
6 -221777459
6 -221273311
6 -174546396
6 -147538388
6 -135608265
6 -102889475
6 -98246070
6 -87622923
6 -52524179
6 -12612680
6 3027996
6 14951089
6 15536835
6 77844402
6 81099080
6 92412774
6 140278182
6 161460472
6 175182483
6 177714300
6 182697001
6 197228149
6 209794097
6 214465399
6 294724451
6 312348287
6 313555413
6 414518678
6 429347422
6 518596649
6 528795618
6 540341810
6 570883969
6 631005341
6 632122038
6 641960041
6 686544168
6 699653008
6 729178112
6 766787536
6 788803779
6 800279481
6 830564266
6 834125124
6 837087119
6 843865127
6 872529199
6 879065362
6 900629169
6 982282203
6 1035260845
6 1042600453
6 1052583897
6 1057031118
6 1060024950
6 1100327595
6 1109501317
6 1114531461
6 1118593155
6 1138884749
6 1159864569
6 1191600418
6 1223764056
6 1229025219
6 1231305675
6 1254662459
6 1255041772
6 1258500924
6 1274318558
6 1351145459
6 1362038963
6 1375395482
6 1387561729
6 1467486759
6 1525170609
6 1552619056
6 1580178112
6 1585243470
6 1620132284
6 1657437134
6 1670160352
6 1700239220
6 1722783848
6 1737120375
6 1739737729
6 1754680013
6 1763729286
6 1770916166
6 1773602439
6 1782106829
6 1786331366
6 1796888650
6 1831151043
6 1833645545
6 1853326024
6 1861094598
6 1861754840
6 1889891034
6 1912434844
6 1958370614
6 1973433722
6 1973813096
6 1975159166
6 1978933997
6 1983349738
6 1995243407
6 2019784322
6 2067006429
6 2072661432
6 2082662810
6 2088910286
6 2098111792
6 2101797051
6 2103737756
6 2126539607
6 2136630835
